411
1925
1635
383
1387
1057
4275
687
709
6469
705
3625
751
5737
3197
2127
951
211
3847
2809
2533
1269
1801
4089
565
2861
1045
1407
1203
1357
3849
1551
2721
4373
3441
3003
1335
1317
389
191
1139
589
675
2467
2609
441
1281
535
1619
2051
6703
227
603
767
1305
223
1063
3001
303
117
167
203
249
237
1397
151
269
269
1693
121
499
83
239
697
205
291
135
369
2965
719
409
457
157
133
155
99
223
75
207
751
215
2555
229
223
629
759
927
177
201
179
133
411
129
2227
3457
707
529
1887
197
2303
95
811
135
143
1269
1671
163
5183
211
65
313
717
263
479
91
139
147
187
99
149
133
113
591
93
277
139
117
189
155
181
1061
735
261
81
451
81
123
821
559
541
149
181
213
721
187
201
113
99
89
1323
89
269
459
553
109
99
767
1487
105
461
1945
959
171
751
187
129
195
127
181
167
111
255
127
79
267
191
109
645
91
273
893
213
133
1697
129
425
187
105
119
493
153
259
261
253
671
625
367
197
2631
519
439
139
125
265
343
115
1003
167
637
107
183
85
169
227
215
109
269
553
101
199
111
171
107
149
487
395
211
133
475
165
331
63
213
155
455
147
151
155
267
1419
601
645
141
245
261
97
401
157
305
143
379
81
315
655
77
575
85
75
155
121
167
2291
67
713
155
141
849
313
131
87
157
83
1639
1109
69
957
137
183
107
91
125
147
187
193
103
539
105
153
199
363
709
169
105
75
799
165
945
79
105
169
79
103
467
131
91
103
71
133
103
77
93
161
141
107
61
125
219
103
463
111
73
101
91
227
345
119
135
117
91
157
111
155
125
1241
159
97
109
169
83
91
85
99
79
133
91
77
111
377
89
73
73
85
85
109
77
99
93
103
97
119
139
131
75
97
91
87
77
81
105
91
135
77
129
89
85
103
101
73
77
125
145
105
109
81
111
155
85
171
65
135
67
93
125
75
77
143
121
123
85
93
89
95
85
91
109
115
83
79
101
81
153
69
69
67
99
97
83
85
105
85
123
81
77
81
73
69
101
67
81
275
119
129
93
61
111
599
83
119
75
81
89
91
107
99
93
65
91
77
73
99
61
97
103
97
83
103
107
101
93
65
131
123
93
115
67
67
95
87
163
85
109
71
105
113
113
95
73
99
163
113
133
101
87
73
109
61
73
79
135
103
105
79
63
77
97
99
73
89
79
111
113
75
139
125
117
73
117
127
79
105
131
73
93
83
117
93
67
105
53
127
121
111
99
103
105
69
85
121
131
65
163
83
103
101
85
57
81
83
71
109
75
79
71
81
79
131
97
79
113
83
71
101
99
79
101
127
107
93
137
87
91
67
101
105
65
111
81
113
67
71
101
85
155
113
87
55
117
75
85
119
73
79
67
73
89
83
105
95
73
93
71
109
83
83
91
125
73
57
95
63
65
145
69
83
59
55
89
69
89
77
103
105
67
101
109
81
105
51
81
105
109
65
87
103
69
115
171
81
111
77
77
69
75
85
97
105
59
129
63
93
107
63
75
87
79
119
115
51
75
55
71
101
113
93
103
85
75
65
97
71
83
77
73
99
119
109
103
105
93
181
63
89
97
89
91
121
129
109
101
131
87
129
61
103
87
97
99
81
77
107
77
83
101
81
95
81
73
69
81
93
109
69
87
101
83
119
125
77
137
81
87
85
91
113
159
77
125
73
103
49
81
81
79
95
119
89
75
71
105
77
129
111
79
87
77
83
75
99
107
103
73
111
75
73
85
55
101
69
81
85
145
79
117
99
95
81
93
91
89
89
87
73
95
115
131
83
87
65
107
59
59
95
109
95
75
215
61
69
69
113
91
55
103
67
85
81
81
61
87
85
97
113
85
135
87
109
101
95
91
101
113
107
61
91
59
143
107
77
75
87
93
73
111
93
59
75
57
73
103
69
103
95
111
77
89
105
85
109
93
99
59
77
103
95
113
107
93
83
77
81
91
89
69
79
101
71
55
83
75
77
55
61
49
75
89
101
97
49
85
101
75
77
87
81
75
49
149
89
71
99
71
85
73
63
83
89
85
81
83
89
97
99
117
57
65
133
89
127
121
101
35
35
35
35
35
35
37
35
35
35
35
35
35
35
35
35
35
35
35
35
35
35
35
35
35
35
35
35
35
35
35
35
35
35
35
35
35
35
35
35
35
35
35
35
35
37
35
35
35
35
35
35
35
37
35
35
35
35
35
37
35
35
35
35
35
35
35
35
35
35
37
35
35
35
35
35
35
35
37
37
35
35
35
35
35
35
35
35
35
35
35
35
35
35
35
35
35
35
35
35
